0	5407	0.0	0.0	0.0	0.0
1	2020	0.05	0.111111111111	0.09234888096812678	0.111111111111
2	3998	0.0	0.0	0.0	0.0
3	4188	0.0	0.0	0.0	0.0
4	3499	0.0	0.0	0.0	0.0
5	5323	0.0	0.0	0.0	0.0
6	5537	0.05	0.0769230769231	0.03259510306975824	0.00452488687783
7	3471	0.0	0.0	0.0	0.0
8	3886	0.05	0.0833333333333	0.03136382911024714	0.00438596491228
9	3710	0.05	0.25	0.057379585912984435	0.05
10	3506	0.0	0.0	0.0	0.0
11	5247	0.05	0.0555555555556	0.03330781815109042	0.00347222222222
12	274	0.05	0.111111111111	0.04441042420145389	0.0138888888889
13	220	0.05	0.0384615384615	0.08405957399228157	0.0166666666667
14	835	0.05	0.2	0.034101613378710496	0.0133333333333
15	3535	0.05	0.125	0.03716392363310932	0.0104166666667
16	4120	0.0	0.0	0.0	0.0
17	1638	0.15	0.272727272727	0.18591955978269536	0.151515151515
18	2203	0.0	0.0	0.0	0.0
19	4427	0.0	0.0	0.0	0.0
20	418	0.0	0.0	0.0	0.0
21	2450	0.0	0.0	0.0	0.0
22	38	0.0	0.0	0.0	0.0
23	1384	0.0	0.0	0.0	0.0
24	3902	0.0	0.0	0.0	0.0
25	5453	0.0	0.0	0.0	0.0
26	1393	0.0	0.0	0.0	0.0
27	1797	0.0	0.0	0.0	0.0
28	1952	0.05	0.25	0.05154089181842779	0.0416666666667
29	3188	0.05	0.166666666667	0.08405957399228157	0.0555555555556
30	4913	0.0	0.0	0.0	0.0
31	805	0.0	0.0	0.0	0.0
32	127	0.05	0.0588235294118	0.036004173220605826	0.00452488687783
33	739	0.05	0.142857142857	0.05154089181842779	0.0238095238095
34	4765	0.0	0.0	0.0	0.0
35	874	0.05	0.0666666666667	0.09234888096812678	0.0666666666667
36	1913	0.0	0.0	0.0	0.0
37	3664	0.1	0.285714285714	0.06933928846768896	0.0272727272727
38	1171	0.0	0.0	0.0	0.0
39	3133	0.0	0.0	0.0	0.0
40	5548	0.05	0.125	0.057379585912984435	0.025
41	4080	0.05	0.111111111111	0.03851247467549098	0.010101010101
42	4091	0.0	0.0	0.0	0.0
43	1835	0.0	0.0	0.0	0.0
44	2513	0.0	0.0	0.0	0.0
45	2370	0.0	0.0	0.0	0.0
46	1288	0.0	0.0	0.0	0.0
47	2195	0.0	0.0	0.0	0.0
48	904	0.0	0.0	0.0	0.0
49	4821	0.05	0.142857142857	0.13323127260436168	0.0714285714286
50	3291	0.1	0.0740740740741	0.08413599488818603	0.0142156862745
51	3553	0.0	0.0	0.0	0.0
52	2731	0.0	0.0	0.0	0.0
53	3810	0.0	0.0	0.0	0.0
54	1103	0.0	0.0	0.0	0.0
55	4261	0.05	0.0769230769231	0.03259510306975824	0.00452488687783
56	1343	0.0	0.0	0.0	0.0
57	298	0.0	0.0	0.0	0.0
58	2432	0.1	0.0434782608696	0.10071724968089132	0.0191666666667
59	1592	0.0	0.0	0.0	0.0
60	712	0.1	0.222222222222	0.16582637567411992	0.0686274509804
61	163	0.0	0.0	0.0	0.0
62	5065	0.0	0.0	0.0	0.0
63	4329	0.0	0.0	0.0	0.0
64	1548	0.0	0.0	0.0	0.0
65	5359	0.0	0.0	0.0	0.0
66	5013	0.0	0.0	0.0	0.0
67	5292	0.0	0.0	0.0	0.0
68	2746	0.0	0.0	0.0	0.0
69	2564	0.0	0.0	0.0	0.0
70	282	0.3	0.171428571429	0.2647182410807117	0.097520242915
71	295	0.05	0.0138888888889	0.06661563630218084	0.0125
72	1101	0.0	0.0	0.0	0.0
73	4441	0.0	0.0	0.0	0.0
74	4572	0.05	0.25	0.047457936849221775	0.0357142857143
75	2476	0.0	0.0	0.0	0.0
76	3292	0.0	0.0	0.0	0.0
77	3238	0.05	0.0454545454545	0.03716392363310932	0.00416666666667
78	299	0.0	0.0	0.0	0.0
79	1316	0.05	0.25	0.047457936849221775	0.0357142857143
80	635	0.0	0.0	0.0	0.0
81	1301	0.0	0.0	0.0	0.0
82	3721	0.0	0.0	0.0	0.0
83	686	0.05	0.2	0.03716392363310932	0.0166666666667
84	4682	0.0	0.0	0.0	0.0
85	4644	0.0	0.0	0.0	0.0
86	1197	0.05	0.0588235294118	0.04441042420145389	0.00735294117647
87	1935	0.0	0.0	0.0	0.0
88	2186	0.0	0.0	0.0	0.0
89	804	0.15	0.428571428571	0.16210790767099434	0.1918767507
90	2099	0.0	0.0	0.0	0.0
91	2647	0.1	0.5	0.1692354458249675	0.163461538462
92	244	0.05	0.00952380952381	0.03330781815109042	0.003125
93	4276	0.0	0.0	0.0	0.0
94	4643	0.05	0.25	0.08405957399228157	0.0833333333333
95	3115	0.0	0.0	0.0	0.0
96	4138	0.05	0.0588235294118	0.08405957399228157	0.0196078431373
97	170	0.0	0.0	0.0	0.0
98	47	0.1	0.2	0.06911444374037241	0.0194444444444
99	1420	0.0	0.0	0.0	0.0
100	3783	0.05	0.111111111111	0.09234888096812678	0.111111111111
101	1734	0.05	0.0625	0.04441042420145389	0.0078125
102	358	0.0	0.0	0.0	0.0
103	1330	0.0	0.0	0.0	0.0
104	1702	0.1	0.0645161290323	0.1589645172703076	0.075
105	1307	0.1	0.333333333333	0.12399522221516526	0.108333333333
106	615	0.1	0.0740740740741	0.17640845496040836	0.0833333333333
107	5266	0.1	0.153846153846	0.09899882866764956	0.0347985347985
108	1437	0.0	0.0	0.0	0.0
109	1163	0.0	0.0	0.0	0.0
110	2777	0.0	0.0	0.0	0.0
111	1979	0.15	0.09375	0.17160463903131518	0.0448717948718
112	451	0.0	0.0	0.0	0.0
113	1018	0.05	0.0833333333333	0.06661563630218084	0.0208333333333
114	2975	0.0	0.0	0.0	0.0
115	5482	0.0	0.0	0.0	0.0
116	2972	0.05	0.25	0.03851247467549098	0.0227272727273
117	3803	0.0	0.0	0.0	0.0
118	2661	0.0	0.0	0.0	0.0
119	3396	0.0	0.0	0.0	0.0
120	4056	0.0	0.0	0.0	0.0
121	366	0.0	0.0	0.0	0.0
122	798	0.05	0.0294117647059	0.03136382911024714	0.00263157894737
123	2129	0.0	0.0	0.0	0.0
124	499	0.05	0.125	0.06661563630218084	0.03125
125	1093	0.0	0.0	0.0	0.0
126	3599	0.05	0.166666666667	0.06661563630218084	0.0416666666667
127	449	0.0	0.0	0.0	0.0
128	1237	0.0	0.0	0.0	0.0
129	2463	0.05	0.0243902439024	0.057379585912984435	0.01
130	4419	0.1	0.333333333333	0.10160876810413001	0.0654761904762
131	2817	0.05	0.0588235294118	0.03136382911024714	0.0030959752322
132	2721	0.05	0.0434782608696	0.0319505201072631	0.00277777777778
133	3868	0.05	0.142857142857	0.03716392363310932	0.0119047619048
134	1898	0.0	0.0	0.0	0.0
135	5200	0.0	0.0	0.0	0.0
136	1838	0.0	0.0	0.0	0.0
137	3050	0.0	0.0	0.0	0.0
138	2281	0.05	0.0322580645161	0.036004173220605826	0.00384615384615
139	1843	0.0	0.0	0.0	0.0
140	5305	0.0	0.0	0.0	0.0
141	3086	0.0	0.0	0.0	0.0
142	4057	0.05	0.2	0.03136382911024714	0.0105263157895
143	2985	0.0	0.0	0.0	0.0
144	3843	0.05	0.125	0.0319505201072631	0.00694444444444
145	2019	0.0	0.0	0.0	0.0
146	1787	0.0	0.0	0.0	0.0
147	2809	0.05	0.0714285714286	0.040106609414397684	0.00714285714286
148	1433	0.0	0.0	0.0	0.0
149	369	0.0	0.0	0.0	0.0
150	3107	0.05	0.25	0.06661563630218084	0.0625
151	300	0.0	0.0	0.0	0.0
152	3633	0.0	0.0	0.0	0.0
153	3798	0.0	0.0	0.0	0.0
154	2631	0.05	0.166666666667	0.03082681379219798	0.00833333333333
155	1992	0.0	0.0	0.0	0.0
156	2183	0.0	0.0	0.0	0.0
157	3308	0.0	0.0	0.0	0.0
158	4887	0.0	0.0	0.0	0.0
159	1413	0.0	0.0	0.0	0.0
160	2069	0.0	0.0	0.0	0.0
161	5027	0.15	0.230769230769	0.16087663371148325	0.101889338731
162	2280	0.0	0.0	0.0	0.0
163	4387	0.0	0.0	0.0	0.0
164	1985	0.0	0.0	0.0	0.0
165	2570	0.0	0.0	0.0	0.0
166	5415	0.0	0.0	0.0	0.0
167	5029	0.05	0.25	0.03851247467549098	0.0227272727273
168	2953	0.1	0.04	0.1295128046012361	0.0583333333333
169	2336	0.0	0.0	0.0	0.0
170	2109	0.0	0.0	0.0	0.0
171	3141	0.05	0.25	0.06661563630218084	0.0625
172	987	0.0	0.0	0.0	0.0
173	3808	0.0	0.0	0.0	0.0
174	3163	0.0	0.0	0.0	0.0
175	4529	0.1	0.333333333333	0.1200637472128874	0.0811965811966
176	4968	0.0	0.0	0.0	0.0
177	809	0.0	0.0	0.0	0.0
178	2873	0.0	0.0	0.0	0.0
179	245	0.15	0.333333333333	0.11464387505034225	0.0547699214366
180	3811	0.05	0.0909090909091	0.03136382911024714	0.00478468899522
181	906	0.05	0.0588235294118	0.03330781815109042	0.00367647058824
182	1881	0.05	0.142857142857	0.13323127260436168	0.0714285714286
183	3717	0.0	0.0	0.0	0.0
184	5194	0.0	0.0	0.0	0.0
185	3160	0.05	0.25	0.047457936849221775	0.0357142857143
186	519	0.0	0.0	0.0	0.0
187	3237	0.0	0.0	0.0	0.0
188	3028	0.0	0.0	0.0	0.0
189	4653	0.05	0.111111111111	0.04202978699614079	0.0123456790123
190	3348	0.0	0.0	0.0	0.0
191	390	0.0	0.0	0.0	0.0
192	3696	0.0	0.0	0.0	0.0
193	2954	0.1	0.333333333333	0.1589645172703076	0.25
194	3503	0.0	0.0	0.0	0.0
195	67	0.05	0.0526315789474	0.08405957399228157	0.0175438596491
196	4455	0.0	0.0	0.0	0.0
197	2703	0.1	0.0555555555556	0.11905270579423076	0.0238095238095
198	316	0.15	0.0422535211268	0.15722767084599673	0.0365384615385
199	3507	0.0	0.0	0.0	0.0
200	321	0.0	0.0	0.0	0.0
201	4447	0.0	0.0	0.0	0.0
202	4423	0.0	0.0	0.0	0.0
203	2471	0.0	0.0	0.0	0.0
204	4729	0.05	0.125	0.13323127260436168	0.0625
205	2405	0.0	0.0	0.0	0.0
206	3814	0.05	0.0238095238095	0.04441042420145389	0.00625
207	569	0.0	0.0	0.0	0.0
208	2988	0.05	0.0833333333333	0.04441042420145389	0.0104166666667
209	887	0.0	0.0	0.0	0.0
210	4996	0.05	0.0714285714286	0.04441042420145389	0.00892857142857
211	2785	0.0	0.0	0.0	0.0
212	4380	0.05	0.111111111111	0.13323127260436168	0.0555555555556
213	1613	0.05	0.25	0.036004173220605826	0.0192307692308
214	5421	0.05	0.166666666667	0.03499313180194918	0.0119047619048
215	1778	0.0	0.0	0.0	0.0
216	2252	0.05	0.0625	0.057379585912984435	0.0125
217	5606	0.0	0.0	0.0	0.0
218	2315	0.0	0.0	0.0	0.0
219	1517	0.05	0.0217391304348	0.03716392363310932	0.00416666666667
220	4017	0.0	0.0	0.0	0.0
221	414	0.0	0.0	0.0	0.0
222	1313	0.0	0.0	0.0	0.0
223	1377	0.05	0.125	0.09234888096812678	0.125
224	1071	0.0	0.0	0.0	0.0
225	3286	0.0	0.0	0.0	0.0
226	5369	0.05	0.2	0.04202978699614079	0.0222222222222
227	4902	0.0	0.0	0.0	0.0
228	3903	0.05	0.0526315789474	0.03330781815109042	0.00328947368421
229	2978	0.0	0.0	0.0	0.0
230	2816	0.05	0.0217391304348	0.057379585912984435	0.01
231	68	0.05	0.025641025641	0.040106609414397684	0.005
232	4215	0.0	0.0	0.0	0.0
233	3781	0.1	0.25	0.17640845496040836	0.208333333333
234	1178	0.05	0.2	0.09234888096812678	0.2
235	1049	0.15	0.6	0.1359986700028731	0.134545454545
236	4156	0.0	0.0	0.0	0.0
237	702	0.05	0.2	0.04441042420145389	0.025
238	11	0.05	0.037037037037	0.06661563630218084	0.0125
239	5401	0.0	0.0	0.0	0.0
240	3104	0.05	0.2	0.047457936849221775	0.0285714285714
241	152	0.05	0.0222222222222	0.0319505201072631	0.00277777777778
242	5417	0.0	0.0	0.0	0.0
243	5316	0.0	0.0	0.0	0.0
244	505	0.0	0.0	0.0	0.0
245	4300	0.05	0.142857142857	0.04441042420145389	0.0178571428571
246	3656	0.05	0.0666666666667	0.040106609414397684	0.00666666666667
247	5465	0.05	0.1	0.03851247467549098	0.00909090909091
248	2857	0.0	0.0	0.0	0.0
249	1841	0.0	0.0	0.0	0.0
250	3625	0.1	0.5	0.08756454626361945	0.0857142857143
251	4989	0.0	0.0	0.0	0.0
252	898	0.0	0.0	0.0	0.0
253	1359	0.05	0.0714285714286	0.04441042420145389	0.00892857142857
254	1207	0.0	0.0	0.0	0.0
255	3513	0.0	0.0	0.0	0.0
256	2538	0.0	0.0	0.0	0.0
257	3189	0.05	0.0909090909091	0.05154089181842779	0.0151515151515
258	565	0.1	0.1	0.16733288598307217	0.0316666666667
259	3666	0.1	0.0689655172414	0.12429940107538988	0.0555555555556
260	1869	0.0	0.0	0.0	0.0
261	1612	0.0	0.0	0.0	0.0
262	2882	0.0	0.0	0.0	0.0
263	3728	0.0	0.0	0.0	0.0
264	4800	0.0	0.0	0.0	0.0
265	2209	0.0	0.0	0.0	0.0
266	3703	0.0	0.0	0.0	0.0
267	3523	0.0	0.0	0.0	0.0
268	1043	0.0	0.0	0.0	0.0
269	564	0.0	0.0	0.0	0.0
270	3125	0.0	0.0	0.0	0.0
271	1654	0.0	0.0	0.0	0.0
272	1850	0.0	0.0	0.0	0.0
273	2111	0.0	0.0	0.0	0.0
274	188	0.05	0.0102040816327	0.0319505201072631	0.00277777777778
275	3968	0.05	0.125	0.0319505201072631	0.00694444444444
276	557	0.0	0.0	0.0	0.0
277	922	0.0	0.0	0.0	0.0
278	527	0.0	0.0	0.0	0.0
279	4060	0.0	0.0	0.0	0.0
280	2022	0.0	0.0	0.0	0.0
281	1495	0.0	0.0	0.0	0.0
282	4588	0.0	0.0	0.0	0.0
283	3541	0.0	0.0	0.0	0.0
284	2554	0.2	0.235294117647	0.24027150002320913	0.0671967351534
285	3525	0.0	0.0	0.0	0.0
286	128	0.0	0.0	0.0	0.0
287	2950	0.0	0.0	0.0	0.0
288	2819	0.05	0.0454545454545	0.04202978699614079	0.00555555555556
289	5495	0.1	0.0512820512821	0.12257204866777256	0.0257575757576
290	1677	0.0	0.0	0.0	0.0
291	2135	0.0	0.0	0.0	0.0
292	3740	0.1	0.133333333333	0.13245549038252447	0.08
293	704	0.1	0.0909090909091	0.13151751084150334	0.0309523809524
294	800	0.15	0.6	0.17989394600716038	0.312820512821
295	2696	0.05	0.0555555555556	0.03136382911024714	0.00292397660819
296	3456	0.1	0.0869565217391	0.08005303991898001	0.013025210084
297	4249	0.05	0.25	0.057379585912984435	0.05
298	242	0.35	0.145833333333	0.320174649411953	0.139831309042
299	2970	0.0	0.0	0.0	0.0
300	3386	0.0	0.0	0.0	0.0
301	3387	0.0	0.0	0.0	0.0
302	5117	0.0	0.0	0.0	0.0
303	4338	0.05	0.111111111111	0.03136382911024714	0.00584795321637
304	2979	0.05	0.0666666666667	0.04202978699614079	0.00740740740741
305	618	0.15	0.333333333333	0.13457032963004975	0.0633903133903
306	4278	0.05	0.111111111111	0.036004173220605826	0.00854700854701
307	4032	0.05	0.0833333333333	0.04441042420145389	0.0104166666667
308	5175	0.0	0.0	0.0	0.0
309	4211	0.0	0.0	0.0	0.0
310	2923	0.05	0.0909090909091	0.034101613378710496	0.00606060606061
311	5189	0.1	0.0416666666667	0.16822440440631087	0.0321428571429
312	3246	0.05	0.25	0.05154089181842779	0.0416666666667
313	5317	0.0	0.0	0.0	0.0
314	3405	0.0	0.0	0.0	0.0
315	4837	0.0	0.0	0.0	0.0
316	4879	0.0	0.0	0.0	0.0
317	4533	0.1	0.222222222222	0.09921073937193908	0.0408496732026
318	5605	0.0	0.0	0.0	0.0
319	1927	0.0	0.0	0.0	0.0
320	799	0.0	0.0	0.0	0.0
321	3887	0.0	0.0	0.0	0.0
322	1966	0.0	0.0	0.0	0.0
323	2766	0.2	0.0579710144928	0.3415902476720331	0.161111111111
324	4605	0.0	0.0	0.0	0.0
325	1924	0.0	0.0	0.0	0.0
326	1681	0.05	0.0232558139535	0.04441042420145389	0.00625
327	4037	0.0	0.0	0.0	0.0
328	5230	0.1	0.117647058824	0.22558015357248845	0.117647058824
329	689	0.0	0.0	0.0	0.0
330	3469	0.0	0.0	0.0	0.0
331	2320	0.0	0.0	0.0	0.0
332	1008	0.05	0.166666666667	0.036004173220605826	0.0128205128205
333	1325	0.0	0.0	0.0	0.0
334	3338	0.1	0.285714285714	0.06852775274335647	0.0269423558897
335	1275	0.15	0.15	0.20856887775159288	0.0454861111111
336	5075	0.1	0.285714285714	0.09899882866764956	0.0646258503401
337	2124	0.0	0.0	0.0	0.0
338	1866	0.0	0.0	0.0	0.0
339	3288	0.0	0.0	0.0	0.0
340	5105	0.0	0.0	0.0	0.0
341	4638	0.05	0.0909090909091	0.08405957399228157	0.030303030303
342	175	0.0	0.0	0.0	0.0
343	2656	0.1	0.133333333333	0.08054226167163177	0.0195286195286
344	2119	0.0	0.0	0.0	0.0
345	5385	0.0	0.0	0.0	0.0
346	428	0.05	0.25	0.08405957399228157	0.0833333333333
347	862	0.0	0.0	0.0	0.0
348	1164	0.0	0.0	0.0	0.0
349	995	0.0	0.0	0.0	0.0
350	4244	0.05	0.166666666667	0.03499313180194918	0.0119047619048
351	106	0.0	0.0	0.0	0.0
352	145	0.15	0.130434782609	0.12517617920176607	0.0290178571429
353	1365	0.0	0.0	0.0	0.0
354	3033	0.05	0.142857142857	0.04441042420145389	0.0178571428571
355	1593	0.0	0.0	0.0	0.0
356	3269	0.0	0.0	0.0	0.0
357	1447	0.1	0.166666666667	0.13151751084150334	0.0515873015873
358	3890	0.05	0.0769230769231	0.04441042420145389	0.00961538461538
359	1139	0.1	0.0625	0.16582637567411992	0.0308823529412
360	4212	0.0	0.0	0.0	0.0
361	470	0.0	0.0	0.0	0.0
362	252	0.1	0.0833333333333	0.12645049434683728	0.0566666666667
363	762	0.05	0.0769230769231	0.05154089181842779	0.0128205128205
364	2379	0.0	0.0	0.0	0.0
365	2561	0.05	0.0227272727273	0.08405957399228157	0.0166666666667
366	4360	0.1	0.0333333333333	0.1283530541887326	0.0576923076923
367	717	0.0	0.0	0.0	0.0
368	5333	0.0	0.0	0.0	0.0
369	5502	0.05	0.25	0.0319505201072631	0.0138888888889
370	5167	0.05	0.2	0.05154089181842779	0.0333333333333
371	3956	0.15	0.0576923076923	0.10377081293384449	0.0191287878788
372	2349	0.0	0.0	0.0	0.0
373	5580	0.0	0.0	0.0	0.0
374	3165	0.0	0.0	0.0	0.0
375	2239	0.05	0.125	0.040106609414397684	0.0125
376	2752	0.05	0.2	0.09234888096812678	0.2
377	3858	0.0	0.0	0.0	0.0
378	4165	0.0	0.0	0.0	0.0
379	4551	0.0	0.0	0.0	0.0
380	3616	0.0	0.0	0.0	0.0
381	5470	0.05	0.25	0.13323127260436168	0.125
382	4557	0.0	0.0	0.0	0.0
383	5446	0.0	0.0	0.0	0.0
384	3609	0.1	0.25	0.17640845496040836	0.208333333333
385	3766	0.05	0.25	0.08405957399228157	0.0833333333333
386	3730	0.0	0.0	0.0	0.0
387	1954	0.0	0.0	0.0	0.0
388	3611	0.0	0.0	0.0	0.0
389	2751	0.1	0.4	0.13437866796426756	0.244444444444
390	3765	0.0	0.0	0.0	0.0
391	4705	0.0	0.0	0.0	0.0
392	2592	0.05	0.25	0.05154089181842779	0.0416666666667
393	1003	0.05	0.166666666667	0.03136382911024714	0.00877192982456
394	4155	0.0	0.0	0.0	0.0
395	3906	0.0	0.0	0.0	0.0
396	5534	0.05	0.125	0.06661563630218084	0.03125
397	488	0.25	0.0833333333333	0.28027106292788256	0.0764912280702
398	4208	0.1	0.153846153846	0.08213639641053848	0.0239316239316
399	4206	0.05	0.111111111111	0.03330781815109042	0.00694444444444
400	4664	0.2	0.4	0.23727353192014486	0.220769230769
401	1112	0.0	0.0	0.0	0.0
402	3347	0.0	0.0	0.0	0.0
403	3897	0.0	0.0	0.0	0.0
404	5356	0.0	0.0	0.0	0.0
405	4672	0.05	0.0625	0.08405957399228157	0.0208333333333
406	5501	0.1	0.4	0.11665467706203982	0.0901960784314
407	317	0.05	0.0217391304348	0.03851247467549098	0.00454545454545
408	4866	0.05	0.0555555555556	0.13323127260436168	0.0277777777778
409	3389	0.0	0.0	0.0	0.0
410	1567	0.0	0.0	0.0	0.0
411	1832	0.0	0.0	0.0	0.0
412	706	0.0	0.0	0.0	0.0
413	1726	0.0	0.0	0.0	0.0
414	5450	0.0	0.0	0.0	0.0
415	2234	0.0	0.0	0.0	0.0
416	1621	0.0	0.0	0.0	0.0
417	3037	0.15	0.142857142857	0.11351007033519536	0.0221428571429
418	802	0.0	0.0	0.0	0.0
419	393	0.05	0.25	0.03716392363310932	0.0208333333333
420	3940	0.1	0.117647058824	0.11407357315140261	0.031512605042
421	5080	0.0	0.0	0.0	0.0
422	3904	0.25	0.15625	0.23553525887050902	0.0734595959596
423	2009	0.0	0.0	0.0	0.0
424	3142	0.0	0.0	0.0	0.0
425	677	0.25	0.263157894737	0.3432608210260294	0.127819548872
426	988	0.0	0.0	0.0	0.0
427	5121	0.05	0.0666666666667	0.13323127260436168	0.0333333333333
428	2711	0.0	0.0	0.0	0.0
429	1856	0.05	0.047619047619	0.03851247467549098	0.00454545454545
430	462	0.15	0.0909090909091	0.1733896800125291	0.045
431	4952	0.0	0.0	0.0	0.0
432	1108	0.0	0.0	0.0	0.0
433	4739	0.0	0.0	0.0	0.0
434	216	0.05	0.166666666667	0.04202978699614079	0.0185185185185
435	2454	0.0	0.0	0.0	0.0
436	2230	0.05	0.2	0.13323127260436168	0.1
437	2552	0.0	0.0	0.0	0.0
438	1730	0.05	0.0344827586207	0.09234888096812678	0.05
439	5034	0.0	0.0	0.0	0.0
440	1552	0.0	0.0	0.0	0.0
441	545	0.0	0.0	0.0	0.0
442	441	0.0	0.0	0.0	0.0
443	1321	0.0	0.0	0.0	0.0
444	4978	0.0	0.0	0.0	0.0
445	2015	0.05	0.1	0.03499313180194918	0.00714285714286
446	4992	0.0	0.0	0.0	0.0
447	5186	0.0	0.0	0.0	0.0
448	2957	0.05	0.0909090909091	0.040106609414397684	0.00909090909091
449	354	0.15	0.0483870967742	0.12085288319012402	0.0254006410256
450	1617	0.0	0.0	0.0	0.0
451	2498	0.1	0.222222222222	0.12846999819373545	0.0648148148148
452	486	0.0	0.0	0.0	0.0
453	2399	0.0	0.0	0.0	0.0
454	4791	0.0	0.0	0.0	0.0
455	1100	0.15	0.214285714286	0.13271719106021565	0.0435515873016
456	1129	0.0	0.0	0.0	0.0
457	3488	0.1	0.0625	0.11407357315140261	0.0267857142857
458	933	0.0	0.0	0.0	0.0
459	2941	0.0	0.0	0.0	0.0
460	3336	0.05	0.0526315789474	0.13323127260436168	0.0263157894737
461	2138	0.05	0.0666666666667	0.09234888096812678	0.0666666666667
462	2725	0.1	0.285714285714	0.1256566991192172	0.160714285714
463	1336	0.0	0.0	0.0	0.0
464	2604	0.0	0.0	0.0	0.0
465	1770	0.0	0.0	0.0	0.0
466	3692	0.05	0.25	0.034101613378710496	0.0166666666667
467	2082	0.0	0.0	0.0	0.0
468	4514	0.0	0.0	0.0	0.0
469	4734	0.0	0.0	0.0	0.0
470	1080	0.0	0.0	0.0	0.0
471	1425	0.0	0.0	0.0	0.0
472	961	0.35	0.466666666667	0.4453294913077628	0.310398860399
473	1644	0.0	0.0	0.0	0.0
474	48	0.05	0.0833333333333	0.057379585912984435	0.0166666666667
475	3197	0.0	0.0	0.0	0.0
476	415	0.0	0.0	0.0	0.0
477	3284	0.0	0.0	0.0	0.0
478	5466	0.35	0.25	0.4092041394744775	0.192118838764
479	91	0.0	0.0	0.0	0.0
480	5094	0.0	0.0	0.0	0.0
481	3256	0.0	0.0	0.0	0.0
482	3826	0.05	0.0357142857143	0.03082681379219798	0.0025
483	1055	0.0	0.0	0.0	0.0
484	4580	0.05	0.25	0.034101613378710496	0.0166666666667
485	1947	0.15	0.1	0.21634410318329206	0.105
486	2546	0.0	0.0	0.0	0.0
487	100	0.0	0.0	0.0	0.0
488	5273	0.0	0.0	0.0	0.0
489	896	0.0	0.0	0.0	0.0
490	2190	0.0	0.0	0.0	0.0
491	229	0.1	0.222222222222	0.1048375227622062	0.0539682539683
492	185	0.0	0.0	0.0	0.0
493	977	0.1	0.333333333333	0.17764169680581557	0.125
494	5297	0.05	0.2	0.03330781815109042	0.0125
495	4117	0.0	0.0	0.0	0.0
496	910	0.05	0.0555555555556	0.03716392363310932	0.00462962962963
497	4389	0.0	0.0	0.0	0.0
498	3928	0.0	0.0	0.0	0.0
499	436	0.0	0.0	0.0	0.0
500	828	0.0	0.0	0.0	0.0
501	3832	0.0	0.0	0.0	0.0
502	5410	0.1	0.25	0.08933010602024753	0.0388888888889
503	2553	0.0	0.0	0.0	0.0
504	1737	0.05	0.142857142857	0.13323127260436168	0.0714285714286
505	3905	0.2	0.444444444444	0.1563165149833328	0.0922750900821
506	4762	0.0	0.0	0.0	0.0
507	4751	0.0	0.0	0.0	0.0
508	2260	0.05	0.2	0.09234888096812678	0.2
509	2232	0.0	0.0	0.0	0.0
510	570	0.15	0.125	0.1929800517236938	0.0616666666667
511	2527	0.1	0.08	0.09357067881456858	0.0194444444444
512	654	0.0	0.0	0.0	0.0
513	4699	0.05	0.0909090909091	0.03259510306975824	0.00534759358289
514	602	0.1	0.4	0.19061085851734613	0.18
515	2822	0.0	0.0	0.0	0.0
516	522	0.0	0.0	0.0	0.0
517	4348	0.0	0.0	0.0	0.0
518	3524	0.05	0.166666666667	0.036004173220605826	0.0128205128205
519	1059	0.05	0.25	0.09234888096812678	0.25
520	382	0.05	0.0588235294118	0.03259510306975824	0.00346020761246
521	4388	0.0	0.0	0.0	0.0
522	1354	0.05	0.0588235294118	0.034101613378710496	0.00392156862745
523	2579	0.0	0.0	0.0	0.0
524	3582	0.0	0.0	0.0	0.0
525	3681	0.15	0.214285714286	0.22077633764339527	0.0760073260073
526	5354	0.0	0.0	0.0	0.0
527	1189	0.05	0.142857142857	0.05154089181842779	0.0238095238095
528	76	0.05	0.1	0.08405957399228157	0.0333333333333
529	1243	0.05	0.2	0.13323127260436168	0.1
530	3967	0.05	0.25	0.06661563630218084	0.0625
531	5362	0.0	0.0	0.0	0.0
532	3039	0.0	0.0	0.0	0.0
533	4894	0.0	0.0	0.0	0.0
534	1747	0.0	0.0	0.0	0.0
535	1691	0.0	0.0	0.0	0.0
536	969	0.0	0.0	0.0	0.0
537	3782	0.0	0.0	0.0	0.0
538	2662	0.05	0.166666666667	0.05154089181842779	0.0277777777778
539	2469	0.0	0.0	0.0	0.0
540	1922	0.05	0.0454545454545	0.03259510306975824	0.00294117647059
541	5046	0.0	0.0	0.0	0.0
542	4885	0.0	0.0	0.0	0.0
543	108	0.15	0.111111111111	0.2214376723095441	0.0525
544	3985	0.05	0.25	0.057379585912984435	0.05
545	2043	0.1	0.117647058824	0.09186836105067567	0.0231092436975
546	4482	0.0	0.0	0.0	0.0
547	852	0.1	0.4	0.16582637567411992	0.123529411765
548	3052	0.05	0.2	0.040106609414397684	0.02
549	2715	0.0	0.0	0.0	0.0
550	2208	0.0	0.0	0.0	0.0
551	5301	0.15	0.333333333333	0.1418528742958327	0.0722222222222
552	1079	0.1	0.5	0.08213639641053848	0.0777777777778
553	2870	0.0	0.0	0.0	0.0
554	2756	0.0	0.0	0.0	0.0
555	256	0.0	0.0	0.0	0.0
556	1749	0.05	0.0526315789474	0.03082681379219798	0.00263157894737
557	4778	0.0	0.0	0.0	0.0
558	2580	0.0	0.0	0.0	0.0
559	169	0.0	0.0	0.0	0.0
560	581	0.05	0.1	0.13323127260436168	0.05
561	320	0.2	0.056338028169	0.15914811167457843	0.0414718614719
562	5295	0.0	0.0	0.0	0.0
563	4055	0.05	0.0909090909091	0.03499313180194918	0.00649350649351
564	2581	0.05	0.142857142857	0.06661563630218084	0.0357142857143
565	619	0.0	0.0	0.0	0.0
566	5092	0.0	0.0	0.0	0.0
567	5613	0.0	0.0	0.0	0.0
568	4372	0.0	0.0	0.0	0.0
569	495	0.0	0.0	0.0	0.0
570	2353	0.05	0.25	0.0319505201072631	0.0138888888889
571	4744	0.05	0.2	0.06661563630218084	0.05
572	3362	0.0	0.0	0.0	0.0
573	2354	0.05	0.142857142857	0.04441042420145389	0.0178571428571
574	2866	0.0	0.0	0.0	0.0
575	389	0.0	0.0	0.0	0.0
576	5532	0.0	0.0	0.0	0.0
577	598	0.05	0.25	0.05154089181842779	0.0416666666667
578	2706	0.05	0.25	0.047457936849221775	0.0357142857143
579	5116	0.15	0.375	0.11055753973949725	0.0544590643275
580	296	0.1	0.08	0.1048375227622062	0.0242857142857
581	3533	0.0	0.0	0.0	0.0
582	3934	0.05	0.0357142857143	0.03851247467549098	0.00454545454545
583	4991	0.0	0.0	0.0	0.0
584	5219	0.0	0.0	0.0	0.0
585	443	0.1	0.125	0.1256566991192172	0.0703125
586	2968	0.0	0.0	0.0	0.0
587	286	0.1	0.25	0.10179001011443833	0.05625
588	5	0.0	0.0	0.0	0.0
589	2605	0.0	0.0	0.0	0.0
590	1202	0.2	0.285714285714	0.265206243069435	0.111479591837
591	3315	0.0	0.0	0.0	0.0
592	1476	0.0	0.0	0.0	0.0
593	3106	0.05	0.125	0.09234888096812678	0.125
594	1720	0.0	0.0	0.0	0.0
595	3907	0.05	0.0555555555556	0.09234888096812678	0.0555555555556
596	479	0.15	0.333333333333	0.20505156543094308	0.0965909090909
597	597	0.0	0.0	0.0	0.0
598	1928	0.2	0.0714285714286	0.21364879948942214	0.090931372549
599	1739	0.05	0.0196078431373	0.0319505201072631	0.00277777777778
600	4001	0.0	0.0	0.0	0.0
601	3780	0.0	0.0	0.0	0.0
602	5010	0.0	0.0	0.0	0.0
603	364	0.0	0.0	0.0	0.0
604	1763	0.0	0.0	0.0	0.0
605	1573	0.1	0.037037037037	0.12399522221516526	0.0325
606	5526	0.0	0.0	0.0	0.0
607	2850	0.05	0.00769230769231	0.09234888096812678	0.05
608	3584	0.0	0.0	0.0	0.0
609	667	0.0	0.0	0.0	0.0
610	612	0.05	0.0833333333333	0.040106609414397684	0.00833333333333
611	438	0.1	0.125	0.06454562317702134	0.0106209150327
612	2944	0.05	0.142857142857	0.0319505201072631	0.00793650793651
613	3388	0.0	0.0	0.0	0.0
614	3801	0.1	0.117647058824	0.08644021119759468	0.0204248366013
615	5254	0.1	0.181818181818	0.06758823487170743	0.0171886936593
616	5491	0.0	0.0	0.0	0.0
617	5370	0.0	0.0	0.0	0.0
618	2606	0.05	0.111111111111	0.13323127260436168	0.0555555555556
619	1590	0.0	0.0	0.0	0.0
620	2905	0.0	0.0	0.0	0.0
621	3187	0.0	0.0	0.0	0.0
622	3581	0.0	0.0	0.0	0.0
623	4391	0.0	0.0	0.0	0.0
624	3327	0.0	0.0	0.0	0.0
625	4105	0.0	0.0	0.0	0.0
626	1918	0.0	0.0	0.0	0.0
627	3501	0.0	0.0	0.0	0.0
628	437	0.05	0.037037037037	0.036004173220605826	0.00384615384615
629	5602	0.0	0.0	0.0	0.0
630	1651	0.1	0.142857142857	0.1692354458249675	0.0467032967033
631	825	0.0	0.0	0.0	0.0
632	3262	0.0	0.0	0.0	0.0
633	2743	0.0	0.0	0.0	0.0
634	943	0.0	0.0	0.0	0.0
635	4302	0.0	0.0	0.0	0.0
636	3608	0.0	0.0	0.0	0.0
637	3276	0.0	0.0	0.0	0.0
638	3735	0.2	0.5	0.29580288417680767	0.226041666667
639	4100	0.0	0.0	0.0	0.0
640	4176	0.0	0.0	0.0	0.0
641	4625	0.0	0.0	0.0	0.0
642	477	0.0	0.0	0.0	0.0
643	290	0.1	0.0571428571429	0.13560046581070936	0.0333333333333
644	3417	0.05	0.166666666667	0.08405957399228157	0.0555555555556
645	1004	0.2	0.102564102564	0.16507443019908954	0.0424789915966
646	2683	0.0	0.0	0.0	0.0
647	2962	0.15	0.0833333333333	0.14297658061089782	0.0333333333333
648	3836	0.15	0.15	0.12007202490342325	0.0262337662338
649	4823	0.0	0.0	0.0	0.0
650	2314	0.05	0.0166666666667	0.057379585912984435	0.01
651	4369	0.0	0.0	0.0	0.0
652	2180	0.15	0.05	0.20971627311149876	0.0927083333333
653	580	0.0	0.0	0.0	0.0
654	2002	0.0	0.0	0.0	0.0
655	5281	0.0	0.0	0.0	0.0
656	4878	0.05	0.111111111111	0.03499313180194918	0.00793650793651
657	3833	0.0	0.0	0.0	0.0
658	5197	0.15	0.6	0.2829597394854729	0.52
659	1697	0.0	0.0	0.0	0.0
660	4668	0.0	0.0	0.0	0.0
661	1625	0.0	0.0	0.0	0.0
662	3232	0.0	0.0	0.0	0.0
663	2192	0.0	0.0	0.0	0.0
664	1332	0.0	0.0	0.0	0.0
665	4412	0.05	0.0769230769231	0.047457936849221775	0.010989010989
666	3249	0.0	0.0	0.0	0.0
667	2945	0.0	0.0	0.0	0.0
668	3121	0.0	0.0	0.0	0.0
669	3265	0.0	0.0	0.0	0.0
670	4683	0.05	0.0909090909091	0.03330781815109042	0.00568181818182
671	5559	0.05	0.0833333333333	0.057379585912984435	0.0166666666667
672	742	0.0	0.0	0.0	0.0
673	1619	0.05	0.2	0.057379585912984435	0.04
674	2085	0.05	0.03125	0.057379585912984435	0.01
675	2523	0.0	0.0	0.0	0.0
676	2920	0.0	0.0	0.0	0.0
677	4420	0.1	0.5	0.1506752102944624	0.208333333333
678	5337	0.0	0.0	0.0	0.0
679	781	0.05	0.166666666667	0.04202978699614079	0.0185185185185
680	2042	0.0	0.0	0.0	0.0
681	4108	0.0	0.0	0.0	0.0
682	1036	0.05	0.142857142857	0.0319505201072631	0.00793650793651
683	4043	0.0	0.0	0.0	0.0
684	280	0.0	0.0	0.0	0.0
685	1934	0.1	0.181818181818	0.11488638778447954	0.0393939393939
686	65	0.1	0.2	0.07882176595946892	0.0248120300752
687	2653	0.0	0.0	0.0	0.0
688	3176	0.0	0.0	0.0	0.0
689	2773	0.0	0.0	0.0	0.0
690	3331	0.0	0.0	0.0	0.0
691	1600	0.3	0.857142857143	0.32952232231259065	0.315046018407
692	4798	0.05	0.25	0.05154089181842779	0.0416666666667
693	3452	0.05	0.166666666667	0.040106609414397684	0.0166666666667
694	1623	0.0	0.0	0.0	0.0
695	3016	0.05	0.0434782608696	0.09234888096812678	0.05
696	666	0.0	0.0	0.0	0.0
697	952	0.0	0.0	0.0	0.0
698	4535	0.0	0.0	0.0	0.0
699	2047	0.0	0.0	0.0	0.0
700	1454	0.0	0.0	0.0	0.0
701	5518	0.0	0.0	0.0	0.0
702	5325	0.0	0.0	0.0	0.0
703	2233	0.05	0.0238095238095	0.06661563630218084	0.0125
704	672	0.0	0.0	0.0	0.0
705	2427	0.2	0.16	0.18507087817395765	0.0526098901099
706	4818	0.0	0.0	0.0	0.0
707	3325	0.0	0.0	0.0	0.0
708	1626	0.05	0.2	0.09234888096812678	0.2
709	2602	0.0	0.0	0.0	0.0
710	213	0.05	0.0277777777778	0.03259510306975824	0.00294117647059
711	2660	0.0	0.0	0.0	0.0
712	5387	0.05	0.166666666667	0.06661563630218084	0.0416666666667
713	4853	0.15	0.75	0.10670143425747836	0.0985014619883
714	611	0.05	0.02	0.09234888096812678	0.05
715	833	0.0	0.0	0.0	0.0
716	3332	0.0	0.0	0.0	0.0
717	5030	0.05	0.2	0.13323127260436168	0.1
718	5352	0.0	0.0	0.0	0.0
719	1707	0.1	0.333333333333	0.11665467706203982	0.0751633986928
720	609	0.1	0.5	0.10377955993529017	0.104166666667
721	5288	0.05	0.0769230769231	0.09234888096812678	0.0769230769231
722	735	0.0	0.0	0.0	0.0
723	1788	0.0	0.0	0.0	0.0
724	69	0.1	0.2	0.10261980952278665	0.0403846153846
725	3626	0.05	0.2	0.040106609414397684	0.02
726	687	0.0	0.0	0.0	0.0
727	3009	0.0	0.0	0.0	0.0
728	4102	0.1	0.4	0.07940355600340307	0.0535714285714
729	361	0.0	0.0	0.0	0.0
730	4113	0.2	0.0816326530612	0.16911941287359683	0.0487179487179
731	1422	0.0	0.0	0.0	0.0
732	4177	0.05	0.125	0.04202978699614079	0.0138888888889
733	2875	0.0	0.0	0.0	0.0
734	2695	0.0	0.0	0.0	0.0
735	3448	0.05	0.25	0.03136382911024714	0.0131578947368
736	3662	0.05	0.166666666667	0.0319505201072631	0.00925925925926
737	3353	0.0	0.0	0.0	0.0
738	2508	0.1	0.0625	0.08870481545153712	0.0166666666667
739	1580	0.1	0.1	0.18477216442278943	0.0416666666667
740	2045	0.0	0.0	0.0	0.0
741	198	0.0	0.0	0.0	0.0
742	5361	0.05	0.0625	0.08405957399228157	0.0208333333333
743	810	0.0	0.0	0.0	0.0
744	1216	0.0	0.0	0.0	0.0
745	3773	0.0	0.0	0.0	0.0
746	821	0.15	0.5	0.20890767091296197	0.155303030303
747	2535	0.15	0.375	0.13788117331400065	0.0770833333333
748	1724	0.05	0.142857142857	0.06661563630218084	0.0357142857143
749	3818	0.0	0.0	0.0	0.0
750	4494	0.0	0.0	0.0	0.0
751	4690	0.0	0.0	0.0	0.0
752	5242	0.0	0.0	0.0	0.0
753	590	0.0	0.0	0.0	0.0
754	630	0.05	0.0714285714286	0.05154089181842779	0.0119047619048
755	452	0.15	0.0909090909091	0.1907818197088601	0.0566666666667
756	4541	0.0	0.0	0.0	0.0
757	2712	0.1	0.25	0.07803396021674662	0.0331196581197
758	4990	0.0	0.0	0.0	0.0
759	478	0.05	0.0357142857143	0.13323127260436168	0.025
760	3774	0.0	0.0	0.0	0.0
761	1414	0.0	0.0	0.0	0.0
762	786	0.05	0.25	0.09234888096812678	0.25
763	2131	0.0	0.0	0.0	0.0
764	1051	0.0	0.0	0.0	0.0
765	5614	0.0	0.0	0.0	0.0
766	3560	0.05	0.111111111111	0.04441042420145389	0.0138888888889
767	3620	0.05	0.125	0.05154089181842779	0.0208333333333
768	3894	0.0	0.0	0.0	0.0
769	2926	0.0	0.0	0.0	0.0
770	1706	0.05	0.25	0.047457936849221775	0.0357142857143
771	5507	0.0	0.0	0.0	0.0
772	4554	0.0	0.0	0.0	0.0
773	3502	0.05	0.0714285714286	0.09234888096812678	0.0714285714286
774	3161	0.0	0.0	0.0	0.0
775	5350	0.05	0.25	0.04202978699614079	0.0277777777778
776	1470	0.0	0.0	0.0	0.0
777	2993	0.0	0.0	0.0	0.0
778	2397	0.0	0.0	0.0	0.0
779	3046	0.1	0.111111111111	0.08653402362037696	0.0171957671958
780	2765	0.05	0.0434782608696	0.09234888096812678	0.05
781	846	0.05	0.25	0.13323127260436168	0.125
782	475	0.0	0.0	0.0	0.0
783	5581	0.0	0.0	0.0	0.0
784	4741	0.0	0.0	0.0	0.0
785	192	0.0	0.0	0.0	0.0
786	5568	0.0	0.0	0.0	0.0
787	2590	0.0	0.0	0.0	0.0
788	4070	0.0	0.0	0.0	0.0
789	5128	0.0	0.0	0.0	0.0
790	77	0.0	0.0	0.0	0.0
791	448	0.2	0.166666666667	0.15144838778223474	0.039594017094
792	1977	0.05	0.2	0.05154089181842779	0.0333333333333
793	3837	0.05	0.0333333333333	0.04202978699614079	0.00555555555556
794	3195	0.0	0.0	0.0	0.0
795	1735	0.0	0.0	0.0	0.0
796	5457	0.05	0.0344827586207	0.09234888096812678	0.05
797	487	0.0	0.0	0.0	0.0
798	3789	0.0	0.0	0.0	0.0
799	4771	0.1	0.0769230769231	0.07700552727121214	0.0121323529412
800	5120	0.0	0.0	0.0	0.0
801	2928	0.0	0.0	0.0	0.0
802	3234	0.05	0.125	0.03716392363310932	0.0104166666667
803	2657	0.1	0.0869565217391	0.11407357315140261	0.0267857142857
804	3280	0.0	0.0	0.0	0.0
805	2148	0.0	0.0	0.0	0.0
806	3345	0.0	0.0	0.0	0.0
807	2159	0.0	0.0	0.0	0.0
808	4269	0.0	0.0	0.0	0.0
809	2818	0.1	0.25	0.08054226167163177	0.0366161616162
810	1807	0.1	0.153846153846	0.17526105960050245	0.0555555555556
811	4629	0.0	0.0	0.0	0.0
812	3517	0.0	0.0	0.0	0.0
813	645	0.05	0.0769230769231	0.040106609414397684	0.00769230769231
814	3650	0.0	0.0	0.0	0.0
815	2308	0.0	0.0	0.0	0.0
816	1434	0.0	0.0	0.0	0.0
817	2827	0.0	0.0	0.0	0.0
818	3186	0.0	0.0	0.0	0.0
819	4330	0.1	0.4	0.10179001011443833	0.09
820	4628	0.05	0.25	0.04441042420145389	0.03125
821	4753	0.05	0.25	0.09234888096812678	0.25
822	1582	0.2	0.0888888888889	0.28822426980323895	0.0833333333333
823	2403	0.1	0.125	0.1589645172703076	0.09375
824	4301	0.0	0.0	0.0	0.0
825	5235	0.1	0.2	0.16653909075545212	0.0625
826	4930	0.0	0.0	0.0	0.0
827	2	0.0	0.0	0.0	0.0
828	4074	0.0	0.0	0.0	0.0
829	2902	0.05	0.0909090909091	0.047457936849221775	0.012987012987
830	3202	0.0	0.0	0.0	0.0
831	5599	0.0	0.0	0.0	0.0
832	5043	0.0	0.0	0.0	0.0
833	1388	0.15	0.6	0.20505156543094308	0.173863636364
834	3846	0.0	0.0	0.0	0.0
835	4046	0.0	0.0	0.0	0.0
836	2563	0.0	0.0	0.0	0.0
837	576	0.05	0.142857142857	0.04202978699614079	0.015873015873
838	2911	0.0	0.0	0.0	0.0
839	520	0.0	0.0	0.0	0.0
840	3970	0.05	0.111111111111	0.06661563630218084	0.0277777777778
841	5140	0.0	0.0	0.0	0.0
842	2182	0.0	0.0	0.0	0.0
843	749	0.0	0.0	0.0	0.0
844	1181	0.0	0.0	0.0	0.0
845	5058	0.15	0.333333333333	0.14200144639531553	0.081746031746
846	4357	0.0	0.0	0.0	0.0
847	3716	0.0	0.0	0.0	0.0
848	1296	0.0	0.0	0.0	0.0
849	2036	0.0	0.0	0.0	0.0
850	5112	0.0	0.0	0.0	0.0
851	459	0.15	0.272727272727	0.20122201002966897	0.0742424242424
852	5022	0.0	0.0	0.0	0.0
853	1351	0.0	0.0	0.0	0.0
854	1423	0.0	0.0	0.0	0.0
855	4351	0.05	0.166666666667	0.08405957399228157	0.0555555555556
856	4093	0.0	0.0	0.0	0.0
857	3136	0.0	0.0	0.0	0.0
858	236	0.0	0.0	0.0	0.0
859	3597	0.05	0.166666666667	0.03136382911024714	0.00877192982456
860	1098	0.1	0.166666666667	0.1048